image: me5413_aloam_map.pgm
resolution: 0.050000
origin: [-1.479095, -15.240217, 0.000000]
negate: 0
occupied_thresh: 0.65
free_thresh: 0.196

